   ------------------------------------------------------------------
  | Welcome to ROOT 6.26/04                        https://root.cern |
  | (c) 1995-2021, The ROOT Team; conception: R. Brun, F. Rademakers |
  | Built for macosxarm64 on Jun 07 2022, 16:01:16                   |
  | From tags/v6-26-04@v6-26-04                                      |
  | With Apple clang version 13.1.6 (clang-1316.0.21.2.5)            |
  | Try '.help', '.demo', '.license', '.credits', '.quit'/'.q'       |
   ------------------------------------------------------------------


Processing fit.cxx...

[1mRooFit v3.60 -- Developed by Wouter Verkerke and David Kirkby[0m 
                Copyright (C) 2000-2013 NIKHEF, University of California & Stanford University
                All rights reserved, please read http://roofit.sourceforge.net/license.txt

[#1] INFO:Eval -- RooRealVar::setRange(dca_z) new range named 'fitRange' created with bounds [-100,100]
[#0] WARNING:InputArguments -- The parameter 'sigma1' with range [0, 100] of the RooGaussian 'gaus1' exceeds the safe range of (0, inf). Advise to limit its range.
[#0] WARNING:InputArguments -- The parameter 'sigma2' with range [0, 100] of the RooGaussian 'gaus2' exceeds the safe range of (0, inf). Advise to limit its range.
[#1] INFO:Fitting -- RooAbsOptTestStatistic::ctor(nll_model_data) constructing test statistic for sub-range named fitRange
[#1] INFO:Eval -- RooRealVar::setRange(dca_z) new range named 'NormalizationRangeForfitRange' created with bounds [-500,500]
[#1] INFO:Eval -- RooRealVar::setRange(dca_z) new range named 'fit_nll_model_data' created with bounds [-100,100]
[#1] INFO:Fitting -- RooAbsOptTestStatistic::ctor(nll_model_data) fixing interpretation of coefficients of any RooAddPdf to full domain of observables 
[#1] INFO:Caching -- RooAddModel::syncCoefProjList(sig) creating coefficient projection integrals
  from current normalization: RooArgSet::dependents = (dca_z)
          with current range: <none>
  to reference normalization: RooSetProxy::!refCoefNorm = (dca_z)
        with reference range: NormalizationRangeForfitRange
[#1] INFO:Minimization -- RooAbsMinimizerFcn::setOptimizeConst: activating const optimization
[#1] INFO:Caching -- RooAddModel::syncCoefProjList(sig) creating coefficient projection integrals
  from current normalization: RooArgSet::dependents = (dca_z)
          with current range: <none>
  to reference normalization: RooSetProxy::!refCoefNorm = (dca_z)
        with reference range: NormalizationRangeForfitRange
[#1] INFO:Minimization --  The following expressions will be evaluated in cache-and-track mode: (sig)
 **********
 **    1 **SET PRINT           1
 **********
 **********
 **    2 **SET NOGRAD
 **********
 PARAMETER DEFINITIONS:
    NO.   NAME         VALUE      STEP SIZE      LIMITS
     1 mean1       -1.85330e+01  2.00000e+01   -1.00000e+02  1.00000e+02
     2 mean2       -1.00000e+01  2.00000e+01   -1.00000e+02  1.00000e+02
     3 nsig         1.85104e+04  2.77656e+03    0.00000e+00  2.77656e+04
     4 sig1frac     2.05650e-01  1.00000e-01    0.00000e+00  1.00000e+00
     5 sigma1       2.00000e+01  1.00000e+01    0.00000e+00  1.00000e+02
     6 sigma2       3.00000e+01  1.00000e+01    0.00000e+00  1.00000e+02
 **********
 **    3 **SET ERR         0.5
 **********
 **********
 **    4 **SET PRINT           1
 **********
 **********
 **    5 **SET STR           1
 **********
 NOW USING STRATEGY  1: TRY TO BALANCE SPEED AGAINST RELIABILITY
 **********
 **    6 **MIGRAD        3000           1
 **********
 FIRST CALL TO USER FUNCTION AT NEW START POINT, WITH IFLAG=4.
 START MIGRAD MINIMIZATION.  STRATEGY  1.  CONVERGENCE WHEN EDM .LT. 1.00e-03
 FCN=-79895.7 FROM MIGRAD    STATUS=INITIATE       49 CALLS          50 TOTAL
                     EDM= unknown      STRATEGY= 1      NO ERROR MATRIX       
  EXT PARAMETER               CURRENT GUESS       STEP         FIRST   
  NO.   NAME      VALUE            ERROR          SIZE      DERIVATIVE 
   1  mean1        6.05779e+01   2.00000e+01   8.37152e-01   2.71402e+03
   2  mean2       -1.00000e+01   2.00000e+01   0.00000e+00  -7.67562e+03
   3  nsig         1.85104e+04   2.77656e+03   0.00000e+00  -1.65604e+03
   4  sig1frac     2.05650e-01   1.00000e-01   0.00000e+00   1.50475e+03
   5  sigma1       2.00000e+01   1.00000e+01   0.00000e+00  -2.23255e+03
   6  sigma2       3.00000e+01   1.00000e+01   0.00000e+00  -2.67219e+03
                               ERR DEF= 0.5
 MIGRAD MINIMIZATION HAS CONVERGED.
 MIGRAD WILL VERIFY CONVERGENCE AND ERROR MATRIX.
 COVARIANCE MATRIX CALCULATED SUCCESSFULLY
 FCN=-81267.6 FROM MIGRAD    STATUS=CONVERGED     536 CALLS         537 TOTAL
                     EDM=1.66962e-05    STRATEGY= 1      ERROR MATRIX ACCURATE 
  EXT PARAMETER                                   STEP         FIRST   
  NO.   NAME      VALUE            ERROR          SIZE      DERIVATIVE 
   1  mean1        5.56331e+00   7.83308e-01   1.32857e-03  -1.22957e-02
   2  mean2        5.94180e+00   4.31873e-01   7.44187e-04  -4.09299e-01
   3  nsig         2.16726e+04   1.81988e+02   2.57829e-03  -3.38546e-02
   4  sig1frac     5.70300e-01   2.80577e-02   3.08146e-03   1.10397e-02
   5  sigma1       5.60065e+01   2.14005e+00   3.09806e-03  -1.31439e-01
   6  sigma2       2.25279e+01   7.68220e-01   1.50686e-03   3.04154e-01
                               ERR DEF= 0.5
 EXTERNAL ERROR MATRIX.    NDIM=  25    NPAR=  6    ERR DEF=0.5
  6.136e-01 -1.634e-01  2.215e+01 -3.437e-03  3.578e-01  7.893e-02 
 -1.634e-01  1.865e-01 -7.923e+00  1.560e-03 -1.421e-01 -3.792e-02 
  2.215e+01 -7.923e+00  3.312e+04 -2.356e+00  2.147e+02  5.501e+01 
 -3.437e-03  1.560e-03 -2.356e+00  7.881e-04 -5.504e-02 -1.954e-02 
  3.578e-01 -1.421e-01  2.147e+02 -5.504e-02  4.583e+00  1.314e+00 
  7.893e-02 -3.792e-02  5.501e+01 -1.954e-02  1.314e+00  5.902e-01 
 PARAMETER  CORRELATION COEFFICIENTS  
       NO.  GLOBAL      1      2      3      4      5      6
        1  0.51069   1.000 -0.483  0.155 -0.156  0.213  0.131
        2  0.48611  -0.483  1.000 -0.101  0.129 -0.154 -0.114
        3  0.56232   0.155 -0.101  1.000 -0.461  0.551  0.393
        4  0.96115  -0.156  0.129 -0.461  1.000 -0.916 -0.906
        5  0.93119   0.213 -0.154  0.551 -0.916  1.000  0.799
        6  0.90924   0.131 -0.114  0.393 -0.906  0.799  1.000
 **********
 **    7 **SET ERR         0.5
 **********
 **********
 **    8 **SET PRINT           1
 **********
 **********
 **    9 **HESSE        3000
 **********
 COVARIANCE MATRIX CALCULATED SUCCESSFULLY
 FCN=-81267.6 FROM HESSE     STATUS=OK             40 CALLS         577 TOTAL
                     EDM=1.67203e-05    STRATEGY= 1      ERROR MATRIX ACCURATE 
  EXT PARAMETER                                INTERNAL      INTERNAL  
  NO.   NAME      VALUE            ERROR       STEP SIZE       VALUE   
   1  mean1        5.56331e+00   7.81259e-01   5.31426e-05   5.56618e-02
   2  mean2        5.94180e+00   4.31368e-01   1.48837e-04   5.94530e-02
   3  nsig         2.16726e+04   1.83815e+02   1.03132e-04   5.95726e-01
   4  sig1frac     5.70300e-01   2.95334e-02   1.23258e-04   1.41067e-01
   5  sigma1       5.60065e+01   2.23166e+00   1.23922e-04   1.20422e-01
   6  sigma2       2.25279e+01   8.07625e-01   6.02744e-05  -5.81697e-01
                               ERR DEF= 0.5
 EXTERNAL ERROR MATRIX.    NDIM=  25    NPAR=  6    ERR DEF=0.5
  6.104e-01 -1.622e-01  2.155e+01 -3.344e-03  3.476e-01  7.761e-02 
 -1.622e-01  1.861e-01 -7.770e+00  1.551e-03 -1.400e-01 -3.830e-02 
  2.155e+01 -7.770e+00  3.379e+04 -2.598e+00  2.311e+02  6.158e+01 
 -3.344e-03  1.551e-03 -2.598e+00  8.733e-04 -6.090e-02 -2.185e-02 
  3.476e-01 -1.400e-01  2.311e+02 -6.090e-02  4.984e+00  1.473e+00 
  7.761e-02 -3.830e-02  6.158e+01 -2.185e-02  1.473e+00  6.523e-01 
 PARAMETER  CORRELATION COEFFICIENTS  
       NO.  GLOBAL      1      2      3      4      5      6
        1  0.50688   1.000 -0.481  0.150 -0.145  0.199  0.123
        2  0.48427  -0.481  1.000 -0.098  0.122 -0.145 -0.110
        3  0.57422   0.150 -0.098  1.000 -0.478  0.563  0.415
        4  0.96501  -0.145  0.122 -0.478  1.000 -0.923 -0.915
        5  0.93691   0.199 -0.145  0.563 -0.923  1.000  0.817
        6  0.91826   0.123 -0.110  0.415 -0.915  0.817  1.000
[#1] INFO:Minimization -- RooAbsMinimizerFcn::setOptimizeConst: deactivating const optimization
0x1540fce00 RooAddPdf::model = 0.982504 [Auto,Dirty] 
  0x1540fb400/V- RooAddModel::sig = 0.982504 [Auto,Dirty] 
    0x15272da90/V- RooRealVar::dca_z = 0
    0x1540a0000/V- RooGaussian::gaus1 = 0.995079 [Auto,Dirty] 
      0x15272da90/V- RooRealVar::dca_z = 0
      0x15272e600/V- RooRealVar::mean1 = 5.56331 +/- 0.781259
      0x15272f5c0/V- RooRealVar::sigma1 = 56.0065 +/- 2.23166
    0x15272f240/V- RooRealVar::sig1frac = 0.5703 +/- 0.0295334
    0x154101c00/V- RooGaussian::gaus2 = 0.965815 [Auto,Dirty] 
      0x15272da90/V- RooRealVar::dca_z = 0
      0x15272e980/V- RooRealVar::mean2 = 5.9418 +/- 0.431368
      0x15272f940/V- RooRealVar::sigma2 = 22.5279 +/- 0.807625
  0x16ef7b768/V- RooRealVar::nsig = 21672.6 +/- 183.815

  RooFitResult: minimized FCN value: -81267.6, estimated distance to minimum: 1.67203e-05
                covariance matrix quality: Full, accurate covariance matrix
                Status : MINIMIZE=0 HESSE=0 

    Floating Parameter  InitialValue    FinalValue +/-  Error     GblCorr.
  --------------------  ------------  --------------------------  --------
                 mean1   -1.8533e+01    5.5633e+00 +/-  7.81e-01  <none>
                 mean2   -1.0000e+01    5.9418e+00 +/-  4.31e-01  <none>
                  nsig    1.8510e+04    2.1673e+04 +/-  1.84e+02  <none>
              sig1frac    2.0565e-01    5.7030e-01 +/-  2.95e-02  <none>
                sigma1    2.0000e+01    5.6007e+01 +/-  2.23e+00  <none>
                sigma2    3.0000e+01    2.2528e+01 +/-  8.08e-01  <none>

[#1] INFO:Plotting -- RooAbsPdf::plotOn(model) p.d.f was fitted in a subrange and no explicit Range() and NormRange() was specified. Plotting / normalising in fit range. To override, do one of the following
	- Clear the automatic fit range attribute: <pdf>.setStringAttribute("fitrange", nullptr);
	- Explicitly specify the plotting range: Range("<rangeName>").
	- Explicitly specify where to compute the normalisation: NormRange("<rangeName>").
	The default (full) range can be denoted with Range("") / NormRange("").
[#1] INFO:Plotting -- RooAbsPdf::plotOn(model) only plotting range 'fit_nll_model_data'
[#1] INFO:Plotting -- RooAbsPdf::plotOn(model) p.d.f. curve is normalized using explicit choice of ranges 'fit_nll_model_data'
